==== Baseline summary ====
mean_reward=366.995136
mean_accept=14.666667
mean_throughput_avg=90892462.048830
mean_latency_avg=2.327584e-04
