==== Baseline summary ====
mean_reward=147.355917
mean_accept=10.000000
mean_throughput_avg=103191033.142863
mean_latency_avg=2.402681e-04
