==== Baseline summary ====
mean_reward=121.401957
mean_accept=10.000000
mean_throughput_avg=120598226.467291
mean_latency_avg=2.383943e-04
