==== Baseline summary ====
mean_reward=211.818091
mean_accept=8.900000
mean_throughput_avg=75499077.268137
mean_latency_avg=2.267251e-04
