==== Baseline summary ====
mean_reward=33.555433
mean_accept=2.000000
mean_throughput_avg=123518917.135838
mean_latency_avg=2.254485e-04
