==== Baseline summary ====
mean_reward=386.885685
mean_accept=15.700000
mean_throughput_avg=87154491.243946
mean_latency_avg=2.245097e-04
