mean_reward=29.264321
mean_accept=4.150000
mean_throughput=325989284.204203
