==== Baseline summary ====
mean_reward=21.171567
mean_accept=2.000000
mean_throughput_avg=120726403.361183
mean_latency_avg=2.434767e-04
