==== Baseline summary ====
mean_reward=20.578157
mean_accept=2.000000
mean_throughput_avg=114916295.171779
mean_latency_avg=2.442252e-04
