==== Baseline summary ====
mean_reward=0.000000
mean_accept=0.000000
mean_throughput_avg=0.000000
mean_latency_avg=0.000000e+00
