==== Baseline summary ====
mean_reward=147.192261
mean_accept=9.800000
mean_throughput_avg=118332417.111859
mean_latency_avg=2.292868e-04
