==== Baseline summary ====
mean_reward=36.536359
mean_accept=3.000000
mean_throughput_avg=101815299.854834
mean_latency_avg=2.359591e-04
