==== Baseline summary ====
mean_reward=5.328563
mean_accept=1.000000
mean_throughput_avg=55356827.811234
mean_latency_avg=2.430591e-04
