==== Baseline summary ====
mean_reward=33.229580
mean_accept=2.000000
mean_throughput_avg=125494935.887116
mean_latency_avg=2.253217e-04
