==== Baseline summary ====
mean_reward=135.856435
mean_accept=9.000000
mean_throughput_avg=138573911.118776
mean_latency_avg=2.304736e-04
