==== Baseline summary ====
mean_reward=156.346340
mean_accept=9.000000
mean_throughput_avg=137307900.499727
mean_latency_avg=2.264676e-04
