==== Baseline summary ====
mean_reward=107.189354
mean_accept=10.000000
mean_throughput_avg=119526096.144244
mean_latency_avg=1.603181e-04
