==== Baseline summary ====
mean_reward=93.627241
mean_accept=10.000000
mean_throughput_avg=134058866.827383
mean_latency_avg=1.802330e-04
