==== Baseline summary ====
mean_reward=54.470463
mean_accept=10.000000
mean_throughput_avg=117830649.718817
mean_latency_avg=2.440279e-04
