==== Baseline summary ====
mean_reward=254.729677
mean_accept=10.000000
mean_throughput_avg=101014775.546973
mean_latency_avg=2.439234e-04
