==== Baseline summary ====
mean_reward=122.349370
mean_accept=10.000000
mean_throughput_avg=119099948.598814
mean_latency_avg=2.389691e-04
