==== Baseline summary ====
mean_reward=5.212896
mean_accept=1.000000
mean_throughput_avg=50537346.912306
mean_latency_avg=2.437490e-04
