==== Baseline summary ====
mean_reward=189.006017
mean_accept=8.000000
mean_throughput_avg=68904277.721305
mean_latency_avg=2.280295e-04
