mean_reward=74.681056
mean_accept=9.000000
mean_throughput=1238722527.121727
