==== Baseline summary ====
mean_reward=45.802500
mean_accept=3.000000
mean_throughput_avg=90421242.470007
mean_latency_avg=2.355459e-04
