mean_reward=18.163078
mean_accept=3.000000
mean_throughput=353728750.986064
